function [qam_constellation_0,qam_constellation_1,Lr,ldpc_par_adress, qldpc, kbch_length, nldpc_length, demultiplexed, Nc, tc, kldpc_length, Nsubstream, angle_bb, Ncells, mod_type] = database_dvbt2(fec_rate,mod_type,nldpc_length_type)

% global ldpc_par_adress qldpc kbch_length nldpc_length  
% global demultiplexed Nc tc kbch_length Nsubstream angle Ncells

global dnp
global r_fec

dnp = 0;



%%% LDPC_SHORT %%%
%%% TODO: LDPC Normal has to be done

mod_type=mod_type;



demod_qam_64_0 = [7.0 + 7.0i	7.0 + 5.0i	5.0 + 7.0i	5.0 + 5.0i	7.0 + 1.0i	7.0 + 3.0i	5.0 + 1.0i	5.0 + 3.0i	1.0 + 7.0i	1.0 + 5.0i	3.0 + 7.0i	3.0 + 5.0i	1.0 + 1.0i	1.0 + 3.0i	3.0 + 1.0i	3.0 + 3.0i	7.0 - 7.0i	7.0 - 5.0i	5.0 - 7.0i	5.0 - 5.0i	7.0 - 1.0i	7.0 - 3.0i	5.0 - 1.0i	5.0 - 3.0i	1.0 - 7.0i	1.0 - 5.0i	3.0 - 7.0i	3.0 - 5.0i	1.0 - 1.0i	1.0 - 3.0i	3.0 - 1.0i	3.0 - 3.0i
7.0 + 7.0i	7.0 + 5.0i	5.0 + 7.0i	5.0 + 5.0i	7.0 + 1.0i	7.0 + 3.0i	5.0 + 1.0i	5.0 + 3.0i	1.0 + 7.0i	1.0 + 5.0i	3.0 + 7.0i	3.0 + 5.0i	1.0 + 1.0i	1.0 + 3.0i	3.0 + 1.0i	3.0 + 3.0i	-7.0 + 7.0i	-7.0 + 5.0i	-5.0 + 7.0i	-5.0 + 5.0i	-7.0 + 1.0i	-7.0 + 3.0i	-5.0 + 1.0i	-5.0 + 3.0i	-1.0 + 7.0i	-1.0 + 5.0i	-3.0 + 7.0i	-3.0 + 5.0i	-1.0 + 1.0i	-1.0 + 3.0i	-3.0 + 1.0i	-3.0 + 3.0i
7.0 + 7.0i	7.0 + 5.0i	5.0 + 7.0i	5.0 + 5.0i	7.0 + 1.0i	7.0 + 3.0i	5.0 + 1.0i	5.0 + 3.0i	7.0 - 7.0i	7.0 - 5.0i	5.0 - 7.0i	5.0 - 5.0i	7.0 - 1.0i	7.0 - 3.0i	5.0 - 1.0i	5.0 - 3.0i	-7.0 + 7.0i	-7.0 + 5.0i	-5.0 + 7.0i	-5.0 + 5.0i	-7.0 + 1.0i	-7.0 + 3.0i	-5.0 + 1.0i	-5.0 + 3.0i	-7.0 - 7.0i	-7.0 - 5.0i	-5.0 - 7.0i	-5.0 - 5.0i	-7.0 - 1.0i	-7.0 - 3.0i	-5.0 - 1.0i	-5.0 - 3.0i
7.0 + 7.0i	7.0 + 5.0i	5.0 + 7.0i	5.0 + 5.0i	1.0 + 7.0i	1.0 + 5.0i	3.0 + 7.0i	3.0 + 5.0i	7.0 - 7.0i	7.0 - 5.0i	5.0 - 7.0i	5.0 - 5.0i	1.0 - 7.0i	1.0 - 5.0i	3.0 - 7.0i	3.0 - 5.0i	-7.0 + 7.0i	-7.0 + 5.0i	-5.0 + 7.0i	-5.0 + 5.0i	-1.0 + 7.0i	-1.0 + 5.0i	-3.0 + 7.0i	-3.0 + 5.0i	-7.0 - 7.0i	-7.0 - 5.0i	-5.0 - 7.0i	-5.0 - 5.0i	-1.0 - 7.0i	-1.0 - 5.0i	-3.0 - 7.0i	-3.0 - 5.0i
7.0 + 7.0i	7.0 + 5.0i	7.0 + 1.0i	7.0 + 3.0i	1.0 + 7.0i	1.0 + 5.0i	1.0 + 1.0i	1.0 + 3.0i	7.0 - 7.0i	7.0 - 5.0i	7.0 - 1.0i	7.0 - 3.0i	1.0 - 7.0i	1.0 - 5.0i	1.0 - 1.0i	1.0 - 3.0i	-7.0 + 7.0i	-7.0 + 5.0i	-7.0 + 1.0i	-7.0 + 3.0i	-1.0 + 7.0i	-1.0 + 5.0i	-1.0 + 1.0i	-1.0 + 3.0i	-7.0 - 7.0i	-7.0 - 5.0i	-7.0 - 1.0i	-7.0 - 3.0i	-1.0 - 7.0i	-1.0 - 5.0i	-1.0 - 1.0i	-1.0 - 3.0i
7.0 + 7.0i	5.0 + 7.0i	7.0 + 1.0i	5.0 + 1.0i	1.0 + 7.0i	3.0 + 7.0i	1.0 + 1.0i	3.0 + 1.0i	7.0 - 7.0i	5.0 - 7.0i	7.0 - 1.0i	5.0 - 1.0i	1.0 - 7.0i	3.0 - 7.0i	1.0 - 1.0i	3.0 - 1.0i	-7.0 + 7.0i	-5.0 + 7.0i	-7.0 + 1.0i	-5.0 + 1.0i	-1.0 + 7.0i	-3.0 + 7.0i	-1.0 + 1.0i	-3.0 + 1.0i	-7.0 - 7.0i	-5.0 - 7.0i	-7.0 - 1.0i	-5.0 - 1.0i	-1.0 - 7.0i	-3.0 - 7.0i	-1.0 - 1.0i	-3.0 - 1.0i
];

demod_qam_64_1 = [-7.0 + 7.0i	-7.0 + 5.0i	-5.0 + 7.0i	-5.0 + 5.0i	-7.0 + 1.0i	-7.0 + 3.0i	-5.0 + 1.0i	-5.0 + 3.0i	-1.0 + 7.0i	-1.0 + 5.0i	-3.0 + 7.0i	-3.0 + 5.0i	-1.0 + 1.0i	-1.0 + 3.0i	-3.0 + 1.0i	-3.0 + 3.0i	-7.0 - 7.0i	-7.0 - 5.0i	-5.0 - 7.0i	-5.0 - 5.0i	-7.0 - 1.0i	-7.0 - 3.0i	-5.0 - 1.0i	-5.0 - 3.0i	-1.0 - 7.0i	-1.0 - 5.0i	-3.0 - 7.0i	-3.0 - 5.0i	-1.0 - 1.0i	-1.0 - 3.0i	-3.0 - 1.0i	-3.0 - 3.0i
7.0 - 7.0i	7.0 - 5.0i	5.0 - 7.0i	5.0 - 5.0i	7.0 - 1.0i	7.0 - 3.0i	5.0 - 1.0i	5.0 - 3.0i	1.0 - 7.0i	1.0 - 5.0i	3.0 - 7.0i	3.0 - 5.0i	1.0 - 1.0i	1.0 - 3.0i	3.0 - 1.0i	3.0 - 3.0i	-7.0 - 7.0i	-7.0 - 5.0i	-5.0 - 7.0i	-5.0 - 5.0i	-7.0 - 1.0i	-7.0 - 3.0i	-5.0 - 1.0i	-5.0 - 3.0i	-1.0 - 7.0i	-1.0 - 5.0i	-3.0 - 7.0i	-3.0 - 5.0i	-1.0 - 1.0i	-1.0 - 3.0i	-3.0 - 1.0i	-3.0 - 3.0i
1.0 + 7.0i	1.0 + 5.0i	3.0 + 7.0i	3.0 + 5.0i	1.0 + 1.0i	1.0 + 3.0i	3.0 + 1.0i	3.0 + 3.0i	1.0 - 7.0i	1.0 - 5.0i	3.0 - 7.0i	3.0 - 5.0i	1.0 - 1.0i	1.0 - 3.0i	3.0 - 1.0i	3.0 - 3.0i	-1.0 + 7.0i	-1.0 + 5.0i	-3.0 + 7.0i	-3.0 + 5.0i	-1.0 + 1.0i	-1.0 + 3.0i	-3.0 + 1.0i	-3.0 + 3.0i	-1.0 - 7.0i	-1.0 - 5.0i	-3.0 - 7.0i	-3.0 - 5.0i	-1.0 - 1.0i	-1.0 - 3.0i	-3.0 - 1.0i	-3.0 - 3.0i
7.0 + 1.0i	7.0 + 3.0i	5.0 + 1.0i	5.0 + 3.0i	1.0 + 1.0i	1.0 + 3.0i	3.0 + 1.0i	3.0 + 3.0i	7.0 - 1.0i	7.0 - 3.0i	5.0 - 1.0i	5.0 - 3.0i	1.0 - 1.0i	1.0 - 3.0i	3.0 - 1.0i	3.0 - 3.0i	-7.0 + 1.0i	-7.0 + 3.0i	-5.0 + 1.0i	-5.0 + 3.0i	-1.0 + 1.0i	-1.0 + 3.0i	-3.0 + 1.0i	-3.0 + 3.0i	-7.0 - 1.0i	-7.0 - 3.0i	-5.0 - 1.0i	-5.0 - 3.0i	-1.0 - 1.0i	-1.0 - 3.0i	-3.0 - 1.0i	-3.0 - 3.0i
5.0 + 7.0i	5.0 + 5.0i	5.0 + 1.0i	5.0 + 3.0i	3.0 + 7.0i	3.0 + 5.0i	3.0 + 1.0i	3.0 + 3.0i	5.0 - 7.0i	5.0 - 5.0i	5.0 - 1.0i	5.0 - 3.0i	3.0 - 7.0i	3.0 - 5.0i	3.0 - 1.0i	3.0 - 3.0i	-5.0 + 7.0i	-5.0 + 5.0i	-5.0 + 1.0i	-5.0 + 3.0i	-3.0 + 7.0i	-3.0 + 5.0i	-3.0 + 1.0i	-3.0 + 3.0i	-5.0 - 7.0i	-5.0 - 5.0i	-5.0 - 1.0i	-5.0 - 3.0i	-3.0 - 7.0i	-3.0 - 5.0i	-3.0 - 1.0i	-3.0 - 3.0i
7.0 + 5.0i	5.0 + 5.0i	7.0 + 3.0i	5.0 + 3.0i	1.0 + 5.0i	3.0 + 5.0i	1.0 + 3.0i	3.0 + 3.0i	7.0 - 5.0i	5.0 - 5.0i	7.0 - 3.0i	5.0 - 3.0i	1.0 - 5.0i	3.0 - 5.0i	1.0 - 3.0i	3.0 - 3.0i	-7.0 + 5.0i	-5.0 + 5.0i	-7.0 + 3.0i	-5.0 + 3.0i	-1.0 + 5.0i	-3.0 + 5.0i	-1.0 + 3.0i	-3.0 + 3.0i	-7.0 - 5.0i	-5.0 - 5.0i	-7.0 - 3.0i	-5.0 - 3.0i	-1.0 - 5.0i	-3.0 - 5.0i	-1.0 - 3.0i	-3.0 - 3.0i
];

